10 30
8 77
9 126
13 173
30 217
57 256
89 292
127 320
170 325
209 315
238 284
262 248
285 212
301 175
310 136
315 97
318 57
61 39
86 24
116 21
146 27
173 42
217 44
240 33
265 27
289 28
303 45
195 76
194 111
195 146
194 181
147 175
166 187
188 196
209 187
226 175
87 68
108 65
128 67
148 77
126 80
105 78
225 79
244 70
263 69
279 73
263 82
245 82
101 196
134 203
164 208
184 212
203 208
224 203
248 198
225 236
202 255
181 260
159 257
129 239
110 202
163 216
183 219
202 215
238 204
202 237
182 242
161 239
