4 90
6 132
11 174
19 215
32 251
56 283
86 307
120 324
157 327
195 323
226 303
252 276
271 244
284 212
293 179
296 145
296 111
47 59
66 40
92 33
120 35
146 47
193 45
216 36
241 36
264 42
280 58
167 83
167 110
166 137
166 164
135 183
149 187
163 190
176 187
187 183
74 92
91 86
110 84
126 92
110 98
90 99
201 93
221 85
239 87
253 94
239 99
221 99
111 241
129 230
149 223
162 226
177 223
195 230
209 240
195 257
176 265
160 267
145 266
127 259
121 240
148 237
161 239
176 237
200 240
177 241
161 243
148 242
