212 540
194 662
194 789
221 917
267 1051
323 1173
396 1275
476 1366
601 1394
764 1395
954 1353
1141 1282
1296 1173
1393 1023
1433 838
1447 637
1451 442
194 390
224 334
291 332
366 352
437 386
618 356
740 305
875 284
1012 304
1133 364
518 521
495 616
467 709
440 803
408 872
447 899
498 912
568 897
641 883
279 508
330 479
400 478
464 530
395 545
325 541
759 521
829 468
910 464
994 497
920 537
834 539
427 1045
437 1016
473 997
521 1012
579 998
685 1019
822 1060
703 1117
600 1141
539 1143
487 1135
450 1104
456 1050
479 1043
527 1051
585 1048
788 1057
588 1066
531 1065
482 1053
