55 114
50 138
46 162
47 188
53 212
62 237
74 259
91 274
116 279
145 280
175 273
204 260
228 240
245 215
254 186
258 156
261 126
64 88
73 74
89 67
107 68
125 74
147 71
167 66
189 67
210 75
224 91
129 93
125 108
120 124
115 140
98 155
108 160
119 165
133 161
148 159
77 102
87 96
97 96
109 100
98 101
87 102
167 100
178 96
188 98
200 104
188 103
177 102
78 191
90 183
106 182
120 185
136 183
158 187
180 197
159 217
136 225
118 225
102 222
88 212
83 192
105 188
120 189
136 189
174 198
136 211
119 211
104 209
