-8 168
-7 224
-3 281
7 337
28 388
65 429
115 458
173 473
232 476
285 468
330 442
365 405
390 359
402 309
408 262
410 217
407 171
43 120
77 94
121 85
165 89
206 104
273 102
307 87
342 83
375 92
395 118
238 148
239 179
241 209
242 240
184 268
210 276
238 283
262 277
284 270
91 154
119 140
147 141
175 159
146 160
118 159
282 160
308 141
335 141
357 156
336 160
310 161
119 334
162 311
206 304
236 311
266 305
300 314
330 336
300 375
266 392
234 395
201 392
158 375
131 334
205 323
236 326
266 324
317 337
265 362
234 365
203 363
