-11 84
-11 130
-7 177
-3 223
8 265
36 299
74 322
117 337
164 338
206 332
240 309
267 278
286 242
296 202
305 162
310 122
314 80
16 67
42 46
79 41
115 48
148 64
198 65
226 51
255 43
284 45
300 66
175 89
178 122
181 156
185 189
138 201
156 210
176 217
193 210
206 201
59 89
81 79
105 80
123 94
102 99
78 99
208 95
229 81
251 80
265 90
252 98
231 99
96 254
124 249
152 247
170 251
187 246
206 247
223 251
206 269
187 277
168 279
149 279
122 274
105 255
152 259
169 260
187 258
215 253
186 261
168 264
150 263
