27 103
21 137
23 172
28 207
35 244
47 277
67 305
95 324
137 329
186 329
232 321
272 302
301 270
319 231
323 189
326 144
327 102
35 72
48 52
73 47
99 48
124 57
166 55
197 45
231 44
263 53
285 75
142 84
139 112
136 139
132 167
102 180
118 188
136 194
158 189
177 183
58 98
73 93
90 92
109 95
91 99
74 100
191 97
212 93
230 95
246 100
229 102
210 100
85 228
105 222
120 218
137 223
155 220
178 225
205 235
177 248
153 254
134 254
116 251
102 244
95 229
119 229
136 232
154 232
196 235
153 235
135 235
118 233
