11 214
9 298
12 381
24 456
53 528
90 589
150 635
218 663
307 672
401 666
476 638
540 595
588 530
620 454
638 374
646 292
650 211
50 173
87 128
151 113
219 117
281 138
354 141
419 126
487 123
553 136
596 176
314 181
312 237
310 291
308 347
240 387
276 397
314 404
356 396
394 386
126 191
159 176
197 173
237 192
198 195
160 197
403 193
442 175
480 178
514 192
479 197
441 196
206 484
245 468
283 464
319 474
357 465
400 471
440 480
394 498
352 502
314 503
276 498
245 496
221 480
280 482
317 488
355 482
427 476
352 477
315 481
278 475
