29 63
30 96
35 129
42 160
55 191
73 218
96 243
121 262
149 266
175 261
197 242
217 219
233 192
243 161
249 129
253 96
254 64
43 56
60 41
84 40
107 47
128 58
158 56
179 45
202 39
225 41
240 57
144 78
145 105
146 131
146 158
118 164
131 169
146 174
160 168
173 162
69 71
81 64
96 65
111 75
96 77
81 76
176 76
189 65
204 64
216 71
205 77
190 77
99 197
116 192
133 191
146 195
160 191
176 192
192 194
178 208
162 215
147 217
132 215
115 208
105 197
132 198
146 200
160 197
187 195
161 198
147 200
133 198
